17 0.064286 0.483146 0.061905 0.224719
27 0.123810 0.483146 0.057143 0.224719
9 0.176190 0.483146 0.047619 0.224719
9 0.226190 0.483146 0.052381 0.224719
14 0.302381 0.483146 0.052381 0.224719
33 0.359524 0.488764 0.061905 0.235955
29 0.464286 0.488764 0.052381 0.235955
14 0.519048 0.483146 0.057143 0.224719
22 0.580952 0.494382 0.066667 0.224719
25 0.640476 0.494382 0.052381 0.224719
6 0.747619 0.483146 0.047619 0.224719
0 0.797619 0.483146 0.052381 0.247191
3 0.847619 0.494382 0.047619 0.247191
7 0.895238 0.494382 0.057143 0.224719