17 0.144509 0.533784 0.046243 0.202703
27 0.193642 0.533784 0.040462 0.202703
9 0.263006 0.540541 0.040462 0.216216
9 0.303468 0.547297 0.040462 0.202703
17 0.369942 0.540541 0.046243 0.216216
10 0.413295 0.554054 0.040462 0.216216
29 0.500000 0.527027 0.028902 0.162162
14 0.531792 0.527027 0.034682 0.162162
22 0.569364 0.533784 0.040462 0.175676
25 0.604046 0.540541 0.040462 0.162162
4 0.702312 0.560811 0.040462 0.202703
5 0.739884 0.560811 0.034682 0.202703
7 0.774566 0.567568 0.034682 0.189189
5 0.812139 0.567568 0.040462 0.216216