20 0.084906 0.463415 0.066038 0.317073
10 0.148585 0.469512 0.061321 0.329268
1 0.205189 0.463415 0.042453 0.317073
9 0.252358 0.463415 0.051887 0.317073
29 0.316038 0.457317 0.056604 0.304878
27 0.372642 0.463415 0.056604 0.317073
0 0.441038 0.463415 0.051887 0.317073
2 0.485849 0.469512 0.047170 0.304878
2 0.549528 0.469512 0.051887 0.304878
0 0.594340 0.481707 0.047170 0.304878
1 0.639151 0.469512 0.042453 0.304878
0 0.683962 0.475610 0.056604 0.317073
2 0.773585 0.463415 0.056604 0.317073
0 0.820755 0.475610 0.047170 0.341463
1 0.860849 0.475610 0.042453 0.317073
1 0.898585 0.475610 0.042453 0.317073